Stats Table: 
Season  FA Premier  Div 1   Div 2   Div 3   Total (millions)
2008/09 13.5    9.9 4.2 2.3 29.9
2007/08 13.7    9.4 4.4 2.4 29.9
2006/07 13.1    10.0    4.1 2.3 29.5
2005/06 12.9    9.7 4.1 2.3 29.0
2004/05 12.9    9.5 4.1 2.3 29.2
2003/04 13.3    8.8 4.1 2.9 29.1
2002/03 13.5    8.5 3.9 2.5 28.3
2001/02 13.1    8.4 4.0 2.4 27.9
2000/01 12.5    7.9 3.5 2.1 26.0
1999/00 11.7    7.8 3.7 2.2 25.4
1998/99 11..6   7.5 4.1 2.1 25.3
1988/89 7.8 5.9 3.0 1.8 18.5
1978/79 12.7    6.2 3.4 2.3 24.5
1968/69 14.6    7.4 4.3 3.1 29.4
1958/59 14.7    8.6 5.9 4.3 33.6
1948/49                 41.3